767926552812852 2 
2647926265156640 0 
1162465944559778 2 
190989236238044 0 1 
1728954092954170 1 
2605624579653860 3 
1811820048220133 0 
1498401513808241 3 
89609941536931 0 1 
2479887290124184 0 1 
40904256305849 2 
502514986749093 3 
1730000602962581 0 1 
1957030569744848 3 
3495509730055612 0 
3010188406309071 0 1 
1437479971833217 1 
516652749159110 2 
2797847353892967 0 1 
3132089504675957 0 
140055763724171 3 
1909666822181974 3 
1650508810893011 1 
2427283146452872 1 
499410823277405 3 
92080023081367 3 
1675421494509991 3 
806172989812436 0 1 
3432102951037170 3 
1643711255120680 0 
505436698342794 0 
27293476717629 2 
530034162915673 2 
588169470524206 3 
3372024101688625 0 1 
994217451988036 3 
882862476396827 2 
1070567100647092 3 
3757018759797786 0 
475527522398297 1 
3280743208698754 3 
3083276037667440 0 1 
717279771450947 1 
1204989589336986 2 
2494746391705103 3 
690348935254425 2 
498587385918146 0 
418793873704459 2 
39345121194392 2 
1442381128607637 0 1 
374597572620839 2 
3164443889252229 1 
3442289331488215 0 
600375899148684 2 
792214348431565 0 1 
1358422000689453 2 
2027972337750693 0 
911194383541967 2 
1901984840644735 3 
3700322578821664 0 
1040769358623185 3 
2963918710907724 1 
306208836733860 2 
1675207311096144 3 
1808468263171832 0 
2488596575249201 0 
3198872452376077 1 
331189482851899 2 
577568961742340 3 
3038429056525588 1 
1061042879844898 3 
1062363854132146 0 1 
1492704264459874 2 
1032967493221645 2 
3364679672904356 3 
598025802856263 2 
92681675555485 2 
3398966139236631 0 1 
910222993294679 3 
605869100510011 2 
2834467287498805 1 
703329276161810 2 
2393731721654350 1 
1580962803002932 3 
787910121934469 2 
1523609052175381 0 
1457135719941742 2 
2603924635117809 0 1 
1609884761511129 3 
2500227318323233 0 1 
1379495959116681 3 
840746344763022 1 
1641134209260178 1 
2618913535669786 0 1 
195915716231655 3 
1485001954855869 2 
3140620687736005 0 
212494456141911 2 
2892984059966314 3 
2596112790844521 3 
1862194041261612 3 
548102277361721 2 
192234621433452 0 1 
2632661270520889 0 1 
2944536798341646 3 
1450745609683638 2 
878707978849924 2 
1499985493605134 2 
1846099842107028 0 1 
400556991622971 3 
1465659039695775 2 
1944392770348310 1 
2518182027175942 3 
1429369186874151 2 
3299956220433805 3 
548167960021102 2 
1516614154668167 3 
1510889896375867 2 
299551746052375 0 
4006516027311299 0 
3145874502363042 0 
2423395352354618 0 1 
1922729778453362 3 
916395803294091 1 
254820410458830 2 
1567406868716030 1 
1433904452726096 2 
3116517307893880 3 
3262456662246109 0 1 
4087608375765893 0 
674850460347315 2 
1150947968150064 0 1 
2440708833813682 1 
3330167839515445 3 
195408802582917 2 
707399985662185 2 
2619074729739864 3 
3083221348295499 0 
1146241833582621 3 
1921883198509223 3 
62573895275797 2 
2705075131653954 0 1 
528959840379370 2 
1047179551769943 2 
1370065013755500 2 
64037018508404 1 
89018114296080 3 
678984451159464 0 1 
3329859645381454 1 
2038826285907540 1 
1552076018333883 3 
1067111942603836 2 
3659415784288614 0 
1757705821552180 1 
1508660892571507 2 
1467769472113160 3 
1455500687539357 2 
1594690157583441 3 
3055271323190497 3 
301579448690848 2 
1121368914574452 2 
2437892549834024 3 
719000694622076 3 
312169253622907 2 
593152600583212 3 
773082316047903 3 
1188817044200712 3 
285027808391178 2 
923252999555649 2 
2274125564478397 0 1 
620352196508544 2 
1936268335261983 1 
1157408952502221 3 
1816098692794494 0 1 
274161165327624 3 
2080218283604061 3 
864997540978929 2 
901963215616900 3 
40144976763889 2 
419956038911819 0 
109595996977253 2 
2339011430266394 3 
64916439610429 2 
482176942115582 0 1 
969350896365941 0 1 
448042328373762 3 
3115331368337677 0 1 
400719696934788 3 
2423670769991570 3 
1294450082794852 3 
1268791819034936 2 
239083763359098 0 1 
2173390659274143 0 1 
881108176410981 1 
659374069901844 0 1 
891929907229780 3 
133298632314190 0 
2902409194024461 1 
3137547248792344 0 1 
513927575636088 2 
1577313384938642 0 1 3 
283923708700869 0 1 
2802599771673505 0 
1952695141123618 3 
3289487999041081 3 
1865774542320040 3 
1220139923278596 3 
2409475272339053 3 
1391934171402521 2 
3512258483199188 0 
2421932528313533 3 
1361295076244194 2 
4874669083613 2 
476355434373491 2 
1718481278954632 0 1 
46022507377948 1 
1375352617568387 3 
386514470528565 2 
1671574142357969 0 1 
504576087962766 2 
736730448860923 3 
1025581616630687 1 
1156468314382310 2 
1481561843671996 3 
1335365201929539 2 
3180842767580287 3 
32960947580148 2 
1754970348307483 1 
1398478211602936 2 
458970244817594 1 
2012969967352173 3 
619762311132101 2 
1227140007091226 0 1 
2094816051174024 3 
1321997173646139 1 
1641444435320937 3 
1223511966828157 2 
328525489370948 3 
1586231885245303 1 
164060219822271 3 
3642620465574493 0 
1025042013188100 2 
3338484107961357 3 
74255002313708 1 
873354571906830 2 
144631482874863 2 
2164035817083453 1 
2220709615770609 1 
1062236508035363 1 
816470116665699 2 
1141857606800750 2 
2415157715472511 1 
3120923525499136 3 
2220882057610190 0 
1480892132172588 3 
3477480018800412 0 
1036392256425231 2 
787562224743522 2 
1404061991879735 0 
3164751888786787 0 1 
1720764768545984 3 
1264722192450927 2 
616435613737475 3 
3662968592145387 0 
2002139530701860 0 1 
370978572307172 2 
57918138583054 2 
1835714040987792 3 
2194175994587036 3 
52389917924745 1 
1165738168145985 3 
2619340888753528 3 
2033245936084703 3 
2415727055808744 0 1 
2622067346723335 1 
722392654312175 3 
1137933155768086 3 
1123180487408 3 
872444869117641 2 
2100471843572054 0 1 
54238777291477 1 
2501527227896592 1 
949919053981049 2 
1831179975729724 3 
223912047128405 2 
1475921194417572 0 1 3 
2317728233228139 0 1 
2306352318261854 1 
3987612919691220 0 
887424063201566 0 1 
1449380331372938 2 
2919689255812398 3 
3197319627368289 3 
3445849882158183 0 
174999656942856 2 
4090884140486389 0 
362563830611579 2 
253075633433011 2 
3199603752234404 3 
1274284066779602 0 1 
113260882006312 0 1 
1481407548310272 0 1 
1455311341920105 3 
1027785172093391 2 
868478551027807 0 
3342423177485658 0 1 
399578851348231 3 
901932036386961 0 1 
1593862353931891 3 
1751564393281093 3 
311363553271634 0 1 
410685728079879 2 
461531141241641 2 
718872583883821 2 
1316855303033884 2 
1041978763133723 0 1 
2783317632949113 0 
1392217708245969 2 
840280751537352 3 
899350551777837 1 
3331054935736337 3 
116626720104405 0 1 
3722859845199403 0 
1253213124821819 3 
2673024643513708 3 
738431778991400 2 
1844712732701702 0 
489834228016171 2 
1085024167929733 2 
75052278849740 3 
2337803912707571 0 
1799894016041102 0 
2775563556328671 0 
501757783656144 3 
2502784841314524 0 1 
555327206729611 2 
2557214232189414 3 
273965413664659 2 
716174375540394 3 
2640937862177790 0 1 
560459524949459 2 
2380071786172741 3 
536339604885748 3 
1257741158129895 0 1 
1195919420171459 0 
294991296711985 2 
925622274162687 3 
187442217727524 2 
2020677157991876 0 1 
251705293332818 2 
480976076485021 0 1 
2541122724128953 0 
1391875790437336 2 
1275420524679378 2 
817808890712264 0 
647626503632302 1 
3038946294505159 3 
3768047498244788 0 
1827185483570640 3 
3706776257255068 0 
370024011367289 2 
1111776495637165 2 
2877709831649249 0 1 
1631427904523937 0 
227507255428144 3 
391479409322307 3 
3474135068131485 0 
3368305243394301 1 
2142839233113400 1 
1607623121752129 0 1 
161545063526947 0 
1442253746701449 2 
113334685882577 2 
2835879694662350 3 
4071857137584374 0 
2180913800080542 3 
155433967537649 2 
2178801038650770 3 
3041059177024949 1 3 
122162936399086 2 
675823841964080 0 1 
752047443818136 2 
333614470696147 2 
559857152251377 2 
737169258132571 3 
1448510964179418 2 
2758134514292014 3 
149810000097105 2 
97790108481291 0 1 
3022601645239798 0 
646230178604716 2 
375934235419021 2 
1064983801403190 2 
3310629095993858 3 
1104535959201078 1 
4001351793618969 0 
814963003349273 2 
856616620883459 0 1 
923809386112912 0 1 
681297462040152 2 
972421825849774 0 1 
282395153050609 2 
950058407306134 0 1 3 
2062485004849739 0 1 
916514351940460 2 
878916089633802 2 
1300650150520017 1 
375274566093056 2 
875658126159248 3 
800097954525287 2 
3960870002246277 0 
1918286012928995 0 1 3 
65240493483539 3 
355281257585199 1 
40906859006299 2 
839282186110571 2 
2643603714644449 3 
652121245387584 1 
3527211300474930 0 
863652757830510 0 1 
2426156432467097 3 
2405690285696564 1 
3998628260106629 0 
59698271674623 2 
2437948104716103 3 
1320600362330990 1 
527621943604235 3 
581482842413962 2 
694777136091157 2 
1963143086198610 0 
852250299682922 3 
2526396967175987 1 
796090625165800 2 
42631880501395 2 
2478807613316299 3 
759775002626674 0 1 
1242232211500819 2 
135863956946480 0 
1081681204019225 2 
245838538611658 3 
4029173498139715 0 
1122940215671460 0 
1313248881269053 2 
259719120986634 1 
1048665716992242 0 
2735689143726105 3 
2237617724186004 0 1 
4001318888451982 0 
501729147674676 3 
1095726387713636 0 
3383934440797942 3 
2490506209743015 3 
353010820252840 1 
528770656699458 0 
1204213995839403 3 
247025665602668 0 1 
148358098532174 1 
565996765621593 2 
633203175891915 1 
155254144942752 2 
892249698572797 2 
2241826404013877 0 1 
2777319594889919 1 
3702476770684919 0 
1181439608208652 0 
2698191656445617 3 
835675830886487 0 
1244328548694409 0 
2899182776562230 0 1 
470246364774786 2 
256528926503156 3 
716570163091855 3 
153263890002414 2 
938672702506629 0 1 
2822043681486606 3 
1462649946701120 1 
1299225403562674 2 
3348190995109628 3 
2383243599620015 0 1 
2679210001802804 0 1 
720557819534279 2 
494572254860430 1 
90661508101451 0 1 
536574381379696 3 
3364917568851546 0 1 
937122117322321 2 
3133546502067328 3 
47603711615454 2 
3908088713612623 0 
242865713025551 2 
2811808717290024 1 
584994695274126 0 1 
597847429370711 2 
1106896152497107 2 
3348537727843889 3 
200990956220406 2 
2534088474991823 0 1 
916487436893271 3 
257053471895664 0 1 
1594322123547030 3 
2056385106176949 3 
2568304068053876 0 1 
3698370172212552 0 
174146065666987 2 
1042941756006104 0 
1795286862150905 0 1 
1247246407672718 3 
476320120863748 2 
1443268747162864 3 
191014962782846 0 1 
1079194417907297 1 
598690192497893 0 
1349519797643541 2 
205957787742477 3 
2744340189039442 0 1 
2539241125621277 0 1 
573042159310907 1 
1781427979251368 3 
2286352653009685 3 
1806387830452676 0 
3258700256585045 1 
136595894778532 2 
1735657760664051 1 
3984598928740167 0 
896743171285874 2 
138145296720403 2 
598944436313245 1 
661643454838818 2 
2969865722077772 1 
2309840960587431 3 
1489751599509938 2 
2478053622227488 3 
30648150180133 3 
2771257151363314 3 
1278680504965559 3 
1570674686699157 0 1 
26993203574942 3 
1607939122653167 1 
732080457312308 2 
3357523249158669 3 
817251238963014 0 
1170343777945815 2 
821933809602848 2 
161334414101944 3 
2189742941304610 3 
2388327078585079 3 
860365047628752 0 1 
1411167323467081 1 
2528886438814435 3 
3069150002472770 0 1 
898601216121936 2 
1412034276239084 2 
1643101281757125 0 1 3 
1747573138552757 3 
3013473203855196 0 
3042443692554883 0 1 
1842599411650790 0 1 
1340703803131040 2 
2601771729359401 3 
500099149950581 2 
397486279576031 3 
536349210896070 2 
2616069142724740 1 
1137063359854651 2 
494954865925183 0 1 
956773367051812 2 
1289374861983586 2 
896015961535040 2 
1026464011114480 2 
551224293126034 3 
316556123853519 1 
149552141302079 2 
1267778688023995 3 
463173999417312 2 
815820574318525 0 1 
1281426447225850 0 1 3 
1030691913181687 2 
282987633597943 2 
3093405419086847 3 
624690847811930 1 
3309764161547349 1 
2572493467681946 0 
3210384947762872 3 
1968547697920614 1 
647377827150643 2 
3447172362062542 1 
1109489202300371 3 
142826998300075 3 
4093277498327092 0 
351190440307438 2 
134358576465 3 
1060727047235328 2 
1670983912297088 3 
2265402197515087 3 
1767956870035110 3 
1068357759183025 2 
495594014592005 3 
1496377969513759 2 
300165940645144 3 
926619096227848 0 1 
680689376495843 3 
1821875425423653 3 
2703402713645105 0 1 
880255256511782 0 3 
1094991488767132 2 
3637066731059357 0 
887067151203861 3 
3388146811937196 1 
3008667870797148 0 1 
1395938432454586 3 
1043502797473791 0 1 
1250837145042344 0 1 
2896457790599286 3 
1583371975077215 3 
1188688018026993 3 
3426309137507230 1 
1490131416891436 1 
231818824025317 2 
1489039424944307 0 1 
777833760173113 2 
629964997952491 2 
1026003400236801 2 
1541454339842411 3 
220679300241871 2 
2613543781445910 3 
1225917092294895 3 
2718467017138606 0 
2390472692431504 3 
3166025135487516 3 
389589294109836 2 
1227299566187451 0 1 
829340326800522 0 1 
3308152049446389 0 
1703753794466666 3 
2356841272449642 0 1 
1478777944120791 2 
246281886300746 2 
293309003530452 3 
313671359951635 0 
633926639957498 3 
1220670098540197 2 
2221607327891333 3 
2683769342792110 1 
429331969814265 2 
3282818705473810 1 
302249808213179 0 
1493403743431381 2 
1716281913317810 3 
216687511940929 2 
1135175903080934 2 
416392929761416 3 
3089671944970455 3 
1048114882173300 2 
1468076096941646 2 
1462738578695419 0 
475849325315507 0 1 
193190577435148 2 
1464508681331759 3 
3358007954154194 3 
2146901236530577 3 
1824955497103367 0 
126686314290296 2 
1309153358083760 2 
569487342673695 1 
1484855220635356 1 
2902382873741873 0 1 
1236436106516396 2 
1417484400081279 2 
392883306415938 3 
3207004727848839 3 
590309065863583 2 
675366668707578 3 
223421211705448 2 
2250371265229485 3 
642380692515305 1 
2181937545090498 1 
1800611094845224 1 
3782802517884356 0 
97834056980874 3 
551753767143191 3 
1175832522406069 2 
1864954443900434 1 
265648417017546 3 
1464055453190095 2 
3284495085558677 3 
3599705064262393 0 
906011136125454 2 
2616238671162293 3 
70817653511718 2 
653406612334389 2 
2070457471861649 0 1 
2099012784931999 0 1 
3027518733926111 3 
1150742381127021 2 
1062076332883163 3 
3856636647763950 0 
263010440962478 3 
3683732862985501 0 
3063565078241049 3 
4005835318678425 0 
1304200847238954 3 
835503451690417 3 
58206614488123 2 
494254921950852 2 
3253725561373144 1 
1162149287544374 1 
870828501101136 3 
2169948537914515 3 
3900003271302098 0 
2707642236117265 3 
148171513910586 0 1 
3046403653482243 0 1 
1363174005099960 1 
2254287809025918 3 
3152309010782177 0 1 
832227804541973 0 1 
3029270554990546 3 
2424957325375706 3 
309356283196107 0 1 
73548972298005 1 
1074532620138191 3 
835714326893157 2 
1453741681519463 2 
346172604977949 2 
529106740631268 2 
1113562808192026 0 1 
77511825952069 0 1 
1763920962413656 0 1 3 
345151264758408 0 
3406297768029048 0 1 
456793481226552 1 
153882984113016 1 
1652530272315896 0 
730628986489540 2 
3028439747653545 3 
2282415000122215 0 
2513048399958108 3 
1454328123042755 1 
1289485650935034 3 
3158421650684628 0 1 
1720719018215648 3 
1699025930193409 1 
1118282446725675 2 
1842899098894504 0 1 3 
1941307443815530 3 
636371211798472 2 
510744724883177 3 
2582267407126760 1 
1916306056651228 0 
55281771831184 1 
778200487186257 3 
2678593450445997 1 
492273556793702 2 
1166739687011368 3 
2102152418123080 3 
95128070229500 2 
2407669660344412 3 
224622720770276 0 1 
1684984463597823 0 1 
3886616405211567 0 
68873100468631 0 1 
3202274088511230 0 1 
1930996134193360 1 
2664907891553553 3 
2149861018709867 0 1 
2287061076793048 0 1 
1790889019289783 0 1 
2491858691826661 3 
1432967764118896 3 
1827443504802258 3 
2923865089072965 0 3 
292193756840452 2 
837958243898321 0 1 
1389625167388978 0 1 3 
3612568449227822 0 
1264506460590553 3 
1401375534351271 2 
401080783947923 2 
172950949144660 1 
959907115645557 0 1 
3517228334864772 0 
147015600892973 2 
749215075471944 1 
1116718030423343 2 
1975705944440183 1 
934592892571144 3 
3179518474648299 3 
3094236276398100 0 1 
108147666257470 1 
3451251395405412 1 
2850813640570748 1 
790120454723667 2 
1183041789826785 2 
1057775879108122 2 
3409159754359121 3 
3162610765353233 0 1 
847166623321629 2 
2221864214461765 1 
1498957352402562 1 
443448850323087 2 
471657679665493 2 
2215310609528898 1 
1210910543833473 2 
508439941240859 2 
3115146147612605 3 
1260011288955854 2 
379837858012046 3 
382758225385782 2 
489261368914245 3 
2140256355451517 3 
2618437964724731 0 1 
4128703707099840 0 
27627317601237 2 
851602783503364 2 
172522306955580 2 
312979268743451 3 
2543164605475633 1 
1804135285519164 3 
1503716497865878 1 
687767584055192 2 
3249259286799052 0 1 3 
1214545480777494 2 
2154191160958145 3 
914189542645991 2 
1606448482690535 0 1 
2625491968269966 1 
188558632430303 2 
3147588251852862 1 
1300192846522404 2 
1419321909340681 0 1 
1345356455218341 2 
362204358087638 2 
2051371707941808 3 
5266355135752 3 
2726466489737386 0 
226807287820370 1 
512281717421959 2 
909674721927903 2 
1199797778919145 2 
2105445386164740 1 
1156710802033016 0 1 
960736057805727 2 
2801099966752439 3 
1184139871723004 0 1 
1186695354584098 2 
3311732977923466 0 
232465438473786 2 
896905955932241 2 
1473234994242147 0 1 
894509232157012 0 1 
1461709250012963 0 1 
204510082212503 2 
1348051357678239 2 
2728614159818568 3 
227482959864044 3 
1339766029256416 2 
709511228505347 0 1 
235996971201783 3 
1192150985169288 0 1 
2077569937727341 1 
3433004341724815 3 
1642308098372987 0 1 
852739566183528 1 
1396508957967551 1 
2083139864573180 3 
524095885099489 2 
653192662677183 2 
264225179488158 0 1 
936039016945171 3 
1852937197874468 3 
2052310131489523 3 
2957725087839934 3 
1248243739807772 1 
2195442364019174 3 
2461095734077678 3 
2143587379161356 0 1 
102096213817770 2 
1518227289437600 0 
1033163293843986 2 
3393633246992627 0 
268551535549904 1 
1762189097315977 3 
1236457889770903 1 
731370541728581 2 
4094933266575870 0 
3205247900253765 3 
2291002381176331 0 
554263314920429 2 
453397148090829 2 
264537362438057 2 
596556938064047 2 
1280202448470476 2 
2555405221670392 3 
2130474285223732 3 
4060310170128772 0 
457575856685029 2 
1258631802508201 2 
2781555428351761 1 
2510609654039110 1 
795268955059807 0 1 
455725821903041 2 
2885553346592719 0 
980116398926410 2 
1283860204810282 2 
399806807635405 3 
771509535243989 3 
684059883228950 2 
891373534648997 2 
915411969339471 2 
280330687426419 1 
1290644792402660 3 
2960791232356985 0 1 
2254253493336334 1 
942498094445706 2 
1986549571319671 0 1 
663760055537101 2 
1173663956897186 2 
828697496418501 1 
2542529170267182 3 
1742590735861871 3 
1583815908925471 1 
3240658340673930 0 1 
277845472999036 3 
380637860846907 2 
4110287527982350 0 
3347747100764746 0 
3805437823068840 0 
568407305192017 2 
960345333822617 1 
2060413275064513 1 
748439728587887 3 
2564541527420429 3 
3063939765850477 3 
2769703720494012 3 
1916529061427147 0 
645794092279269 2 
3309549252473167 3 
2182924028827874 3 
1464032315548054 1 
3297823136730107 0 1 
3778800074872369 0 
1747691785845401 3 
3027567150858393 3 
157142136094506 3 
3244518401073933 0 1 
2337010665152218 0 1 3 
1235550905391544 2 
758289054632115 3 
1024256803369389 0 1 
706083278676349 2 
1342447190465042 2 
2145304282425340 0 1 
3360591794894921 0 
555308830948593 0 1 
1278977890192868 2 
2216238816491438 0 1 
51380209348390 2 
1466950797554536 0 1 
348716827774487 2 
654105813275126 2 
357879110658612 0 1 
2800030319249859 0 1 
148255331093476 2 
284877380446492 0 
2315755804284288 0 1 
870995273880706 2 
763834751636416 2 
1240431322143880 0 1 
3424997802073372 0 1 
780590929689182 1 
1780558429589778 1 
239591998297182 0 1 
1677229127340572 3 
2079191685144879 3 
909143621668319 2 
74882334081721 3 
4002389390961879 0 
340255401757311 2 
1445886037297478 2 
2894202564228335 3 
724362717190583 0 1 3 
1558048208163927 3 
1505775717401704 2 
2825078951937133 3 
2583769124974102 1 
1950719376908276 3 
2884986842826518 0 1 
483932786386166 0 1 
2088115641808249 0 
606105908767562 2 
884444239575764 1 
325099718845243 0 1 
1183893377221302 2 
1059175904272729 2 
3035078042268867 1 
454948104982033 2 
2038032302720574 0 
3278965601752045 0 1 
238007898389711 2 
875937486309036 2 
2359184371333164 0 1 
59349483840010 3 
1864073050320725 3 
869113133128647 1 3 
3021622060097261 1 
1522728129545355 3 
1269774839312791 3 
4028388280536804 0 
1417670942047322 3 
3922509298286280 0 
2646672279581541 3 
1198472552298506 2 
1126281942448418 2 
304707214076801 2 
994126440457473 2 
1401641185686640 3 
1134437312105208 2 
862283628859710 0 
1738470761559985 1 
577471444641721 3 
1969318487410350 3 
3403651198710510 3 
1206411684244916 2 
158378265168169 0 1 
1482800376593278 0 1 
348393120692056 2 
3322213964984316 3 
2852470206150684 0 1 
3697278479689838 0 
1443714675268024 1 
2311245764059702 1 
2924600445489353 3 
2479169255886380 0 1 
3098604181385311 3 
501980574985480 2 
1864109451980541 1 
1010360914385447 2 
2999070706436738 3 
1076317542469674 0 1 
1638796795926631 0 
1241961907230109 3 
775176699779550 3 
1437933238305924 2 
2596390337514967 0 1 
221712690978238 1 
28508083899801 0 
810260973811972 3 
947539391471511 3 
85613599584152 1 
2150017050659018 3 
1328103014638194 2 
2949345156574391 3 
1160013381424646 0 1 
2605081408641314 3 
237343363215974 2 
1726533782364331 0 1 
2554446168928302 0 
2523459614151196 0 
2787298829144593 1 
2558453280111339 0 1 
1601573014362581 0 1 
3149879552233980 0 
990919683111682 2 
1190558075376888 3 
877921461487256 3 
1779530877044889 1 
454542355689237 1 
1480815155224781 0 
377065348500177 2 
2224917480659564 0 
1374922990035095 2 
1044517452761939 0 1 
433394123953339 2 
1178373818637932 2 
2195198819930092 3 
2371367494457329 3 
350272448163583 2 
3188610971982779 3 
395008211048984 2 
63856099558578 2 
1182828824025181 2 
64525633684630 3 
2009322304813176 0 
1608911515204193 3 
2294640870527677 1 
744776815500136 1 
1214708827195817 0 1 
1552312248670246 3 
161508435994813 3 
1933766880700080 0 
493461641720247 3 
2464153969236318 3 
540976319653843 3 
1021086312204674 2 
91035343945904 2 
3960051223529737 0 
2123023552697519 3 
3183645045933601 1 
2077683161258288 1 
1130907205313445 2 
534071226805050 3 
1371295436516977 0 1 
1220765360450245 2 
1198211180353802 2 
1413974260409065 1 
2250889388301949 0 
3383243853167470 0 1 
2753954170916276 0 
2873554925343564 0 
2816033498866045 3 
1767697470452271 3 
525947836624601 0 1 
1000920466235090 0 
88500834204103 2 
3143892263834709 3 
75064909501407 0 1 
1491676237420459 0 1 
1126082350584339 0 
848169555807156 0 1 
288860960541020 3 
761850995167348 3 
3211704928452232 1 
115782025510568 2 
20799959616357 0 
2545743992874937 3 
2721315194361745 0 1 
87298210856358 0 1 
367219228294382 3 
2246113721720701 3 
2542649059077716 3 
830794518293463 3 
1488170314102439 3 
1266914826439228 2 
177368664441527 1 
3304085137710245 0 
1459474257481110 2 
1774866374268215 1 
3125324883949322 3 
1999537665701754 3 
1425172521624100 3 
2189411916411291 3 
48893029377031 3 
4133965467686357 0 
1501052638083239 2 
2761245310838165 3 
61781875494491 0 1 
227676524953034 2 
2032740923190831 3 
1954293857602279 0 1 
3313334761119981 3 
1113706917105680 2 
816697248928001 3 
530352826237767 0 
2023213621514848 0 
3101758309138665 0 1 
1253598292377698 2 
875003638853525 2 
1818045218738356 3 
2784326163112031 3 
105502370891136 2 
1528379408790909 1 
216885565016284 0 1 
1494233096881413 2 
1193669157577898 2 
284501532392218 3 
1112537550994281 2 
1212161803410866 2 
2817063098059672 3 
249492563551203 2 
1391203313406524 1 
1551232596294642 3 
2283863424015375 3 
105794658056888 2 
3519243834940154 0 
3126336390614809 0 1 3 
671991411135281 3 
54759226692168 2 
639200867100700 3 
549771970572472 0 1 3 
2903292772907775 0 
2686814222047087 3 
362777248702022 0 1 
2798526350879319 0 
2825501178576426 3 
4088548200010123 0 
807862963088789 2 
880743153900104 2 
3649654526823 2 
1835361127796847 3 
1043017676898462 2 
3496565250606299 0 
3592703208495890 0 
597013989129631 2 
2466839396811565 0 
1499256731011885 2 
290682144370376 1 
2403343689504259 3 
1274783139256670 2 
3199130566175777 3 
3354541686218644 0 
1574865275250372 1 
1001240243488189 2 
2432361487982831 3 
1147132140647250 2 
741653355178938 1 
1149678257621033 3 
53582926398114 2 
1237239993323937 3 
394467978526819 0 1 
192278866611318 2 
3686112577488696 0 
1082125260771101 2 
2564667626974541 0 1 
1587139124187825 3 
714568789901282 3 
2616803983003368 0 
470807199448332 2 
2401538389333775 3 
568783642595771 2 
2878983500742165 3 
2086113447001988 1 
1206798967701482 2 
1666490466223859 1 
838622074181232 3 
134132806735824 0 
74977498669353 2 
2852246191850047 0 1 
366371827905955 3 
466596615231253 0 
1928470728976332 0 
1050338136057502 2 
2462048583077031 3 
2163604825984166 3 
1764509614983460 3 
965018333965714 3 
797769183908238 2 
1136073097351144 2 
1369333443925498 0 1 
2939364438340580 0 1 
1086402468873560 2 
1094134581093087 2 
1110115149407110 0 
318351549832080 2 
190485764427206 3 
2230731139204407 1 
1876113745690228 3 
1738291207062811 3 
1031646108126786 3 
1863622172306457 1 
694910858428257 2 
1224094961909711 2 
739150073076556 2 
1796238930226106 1 
3343797866206181 3 
215064096035519 0 
303045285849785 1 
2006230295626539 0 
2999662800007022 3 
1481535588915906 2 
2839764388231195 3 
1324179924199767 0 
1882644301177694 0 1 
445450995083537 2 
755919360513089 0 1 
951522298776370 3 
2964387278999432 1 
956983474516137 0 1 
529456676465474 2 
3197966770646469 3 
1509733422269696 2 
808729048816715 3 
1496425892125679 3 
719296206029953 2 
2799737757704882 0 1 
1044665826648234 1 
1029368846145469 3 
1365041123360535 2 
375239290927375 3 
249587505040082 0 1 
1339716658041483 2 
1742082074594179 0 1 
687733769302788 3 
3385153853386975 1 
1802875447746663 3 
620962330790367 2 
625138244665337 3 
1067439120285354 2 
1832035831001819 3 
3287042319117582 1 
182685640304858 3 
3335145518481263 3 
297721764779183 3 
785150209896152 2 
658107296376977 0 
3202699952751551 0 
1222606876592169 2 
298024641446993 3 
273119929348075 2 
451982903133776 1 
2497277807047802 1 
1822755950364474 3 
941668313767911 2 
45969876672312 3 
1104235437178308 3 
1481578170139229 1 
1182428406379088 2 
1174240529804830 0 
2985435353937530 3 
765704564211673 2 
83335367998990 2 
551929103188246 2 
63568890478341 2 
480172146147766 3 
629291965615579 2 
2882908813741355 3 
1869057327495680 0 1 
3704219686297480 0 
1397705407101033 2 
1098456038359155 3 
1326098818431229 0 1 
3066986923508035 1 
2482557480850178 3 
852731181951032 2 
673994684266880 2 
1757026996017921 1 
3446453674419010 0 1 
1261588555899314 2 
2223750123001653 0 1 
1491937768747643 3 
1374968324564307 0 1 
1800883493267175 3 
1759875241958486 3 
3402763537407867 0 
154937123420758 1 
797991230002886 2 
974266758151969 2 
409200112434725 2 
458462407750733 0 1 
1232307074008151 0 
2698474331889451 1 
188267110822309 0 1 
375700410695395 3 
2932800120910229 3 
2755519980228911 3 
255891227424796 2 
438828104881103 3 
316215392420744 3 
163146423664247 3 
538755378806967 0 
1882477962484801 1 
625515980255292 3 
120900022176426 0 1 
3410814616404828 0 1 
888701272666225 3 
917259548024138 2 
662163229643082 0 1 
866180561984947 0 1 
514763331130946 2 
2141994846939725 1 
956436626876083 2 
985195997193309 3 
286134331956862 0 1 
2924971721412214 0 1 
1814486935795016 1 
7228493432613 2 
569690034005885 0 1 
2303261650844424 3 
1324066806554221 0 
144388481545695 2 
3135967273930346 0 1 
65757662091677 0 1 
2932355707326721 0 1 3 
1204624271321009 2 
2452802368651037 3 
530343223504302 0 1 
170919810849083 1 
2030273378346950 0 1 
926860820156927 2 
1408563576554509 0 
1159314278652855 3 
201027564117985 2 
865925942895944 0 
780861064918935 2 
1074992731407432 0 
536004008023853 2 
3303478468465328 3 
1877012470075657 3 
3930663206817771 0 
486040747874725 0 1 
2722950128892644 1 
2632861405733344 3 
2795784237384651 1 
1551070200991208 3 
991540171431518 2 
2169384722038341 0 
960605416755221 2 
1000364105196077 3 
1219477031618120 3 
687776887856137 2 
35488768400616 2 
859540241043983 2 
874992448342325 2 
488006358354231 2 
2446396135443615 0 
3905669569402097 0 
2958889215126884 1 
786916596693298 2 
1489518288245175 0 1 
1901594292933715 1 
47737282009432 2 
1087272569377438 1 
943811273863618 3 
582096157393984 0 1 
2706571011797562 3 
106358678246565 0 1 
1885165898139066 3 
1833636726236457 0 1 
1127744455290324 2 
1413671945795551 2 
3379544661376466 3 
1174292187609868 3 
3062560187176381 3 
2095172994706903 3 
1242971682338856 2 
763646257954385 0 
952468396102713 0 
300910014125518 3 
812821960596664 3 
787850933734232 2 
276549744191711 3 
673221191507716 2 
388210381321633 2 
2852993655362641 1 
1027457777360396 2 
244391574147610 1 
1144997228793237 1 
4078244281539497 0 
457767596074263 0 1 
2881716465480524 3 
101775272819467 3 
163176634197872 2 
1358149695450329 3 
3757754105655698 0 
3696443951383995 0 
3196060635455532 1 
174854748486363 3 
529937774321056 3 
1927333670045997 0 1 
1466350061891507 0 1 
1567172437331397 3 
320826051968148 2 
1073184122459510 2 
2833869467366850 0 
1214177900365136 2 
2769435490010640 3 
1365005747216844 2 
2338063437261376 3 
2658162607613366 0 
1867016824052856 0 
3070476065325367 0 1 
1858506729365668 0 1 
1297125584549983 2 
353664864857424 2 
3714800046740684 0 
286224434902947 2 
167979398103532 0 1 
875307025793924 0 
2906358875884605 3 
1337874947505662 2 
3914911903334871 0 
775953028343105 1 
1721373102064468 0 1 
4000682119827155 0 
960752332407111 2 
2206288558055151 3 
448082983845479 2 
1603791957947636 0 1 
212769861201252 2 
304687376369448 2 
3777030878302249 0 
79719352861169 1 
257958952818936 2 
396283992703363 2 
426479422143566 2 
2336644504025898 0 1 
856511357753534 3 
1440159712596778 0 
2607652738862096 0 
2623810330825962 3 
1006787733611548 0 1 
2805820518940217 1 
556241796559160 0 1 
1425473118868982 2 
3464047776062090 0 1 
2641478017346810 3 
2030776622972589 3 
118423994251276 0 1 
3035280978987408 0 1 
1474488015864678 2 
3305199991728879 3 
1584014734202297 3 
2472714019535262 0 1 
954068563778608 2 
529580230307134 2 
257723942400221 1 
2643533862852557 1 
2663383237101274 3 
2235164259016093 3 
1381576870269361 2 
772143152775902 2 
483969356610069 3 
1313462711587657 2 
1135461204761178 3 
1079668833823997 0 
961249138621220 2 
509332920017305 2 
1974990068388887 3 
1384466955044970 3 
1236018901457924 2 
1385617120159746 2 
1092593252409024 2 
284949402906504 2 
1486678275678733 1 
451799199116137 2 
768748691876751 3 
967509593199065 2 
2532763015797221 3 
3738400050582051 0 
1596528228112416 3 
563064639163940 0 
175685711286734 3 
289501562137992 2 
205528975045444 2 
580090478776819 2 
1800126068409507 1 
2469385683494089 0 
3069547431390690 1 
1489616420254555 2 
2562848424485708 0 1 
928324213704728 3 
3365286679538791 3 
1597909806731421 3 
3419238244162720 0 1 
91988488867729 0 1 
1051962754138154 3 
1778443736653555 3 
1363451615421000 3 
117221000450817 3 
2294758664818118 3 
533871503271063 0 1 
3133493024708257 0 
1590700134489348 1 
1028244720975304 3 
3160778369180478 3 
1884397138679424 0 1 
1910568831591101 3 
1136832492063368 2 
1373862964883122 3 
1083347028110037 2 
188233648980963 0 
1719394727768990 1 
479343112863621 2 
2550325307277633 0 
1716963813876300 0 1 
1334222750046257 3 
3467401156699716 0 1 
761616114609351 0 1 
548550848053217 2 
2877308629189354 0 1 3 
342377550429485 1 
1933562201778645 1 
1023251818856396 2 
894492448356452 2 
3884789443303486 0 
3151131776392785 0 1 
3146039620980749 1 
695894573066975 2 
909778358600466 2 
1377706809252908 3 
3060438738286867 3 
766307962524360 3 
1096424439663658 2 
586666248963196 1 
480018177993983 2 
3431447728248520 0 
426855886722215 0 
837487190163998 3 
3153338135850815 0 
1020379343513291 2 
3108114665356194 3 
1009455283932609 2 
2404027377212406 0 1 
884018933011673 2 
227966833355124 2 
137021996273808 1 
263812508096808 1 
3619247000832821 0 
1755221576495308 1 
2819878103762097 1 
639187574473801 2 
1523405493092911 1 
387246971246325 2 
164491133981730 3 
729935359671555 2 
3001197988551216 3 
2291235718266644 1 
2732203159116941 3 
953019790757790 0 1 
1045351248012382 0 1 
1107525878896804 2 
2721966327397068 3 
1115752335049826 2 
2016050924807107 1 
605944661904518 2 
1091235082420016 0 
2458072641143518 0 1 
411528149199927 3 
448967164425022 2 
234803814698449 2 
2923285192050243 1 
2282192703404751 3 
1598017127432623 1 
1020748255876913 3 
796233676113204 3 
599406822395830 0 1 
1772245105171146 3 
1281135098352063 2 
673829027317063 1 
1479586398924772 2 
3605696843440285 0 
1495504845504295 2 
3292385596100099 1 
1157772598489414 0 1 
499995410906214 1 
2363116118494626 0 
990724194514363 2 
987127005476827 2 
1058049251477093 0 1 
1692386177717979 1 
2139550858914741 3 
2632634016184939 0 1 
803087425995380 0 
1458123304632411 1 
2361280236957430 3 
809631552513895 2 
1081200364967142 2 
1373634539583461 2 
3080186771343354 1 3 
245947147923606 3 
881286226827169 2 
1016266423222592 2 
1526568979591505 1 
2591184538926385 3 
820698198274653 2 
1323211943917264 3 
1141681339605057 0 
886538520679497 1 
1267642528206596 3 
496221677416148 2 
1383699480318541 0 
2801541932988040 0 1 
361515952546589 1 
1463987906885320 2 
1671091949316250 3 
78027072359428 1 
286823073365486 3 
2282387338664599 3 
1036168351701172 2 
2220941471209081 3 
280056349477067 2 
127994762724774 2 
2003293196724589 0 1 
848430191294019 3 
1674416644009719 0 1 
1409521200752485 3 
3228794048232405 3 
534816102247594 2 
3939440744577233 0 
37783049827981 2 
2346607713471673 3 
897503096637318 3 
6098758847848 2 
2008632922379993 0 1 
2989756397240352 1 
405142935463818 2 
2102003248528473 1 
545617166274471 2 
199451731156233 2 
2429609823416174 3 
4054796948169815 0 
1016514205215105 2 
3246852800535498 3 
2547682303699268 0 
3156299350043803 0 1 
63819562482377 2 
2978799733011798 0 
1009944991675530 3 
863426601414513 3 
2120732197182386 1 
3699364241696159 0 
161637729793626 3 
2911862695764980 3 
1029034488380460 0 1 
136987377349012 2 
117638574856860 0 1 
669654771988325 2 
3789586306245806 0 
671694310121104 1 
3162248458269152 0 1 3 
3583405970149992 0 
3446986222108782 0 1 
663102450520678 0 1 
881879053225702 1 
62631598207892 0 
328040274113245 3 
2555920252591535 3 
3311891451645408 3 
2240356785182012 3 
2973502453297097 0 1 3 
1292986505411591 3 
244454992387880 0 1 
783718511477862 0 
688415942743 3 
1131660098413206 2 
1440239151433471 2 
1462474108461313 3 
399763863492058 0 1 
3535274031863736 0 
886896243735363 0 1 
343443811941434 3 
1150619686105901 2 
374787411870327 3 
779025317581400 0 1 
1393466262800816 0 1 
833199105979131 3 
1394685249477146 0 1 
1157941123131059 2 
1021949396160670 0 
1937928067352929 3 
1021626083989683 2 
928540278679146 2 
425655093604796 0 1 
1670341277188007 3 
1179560433061971 3 
2781336198115574 1 
480113974133357 2 
394277138680689 2 
2688343778397887 0 
1165109989958120 1 
479728962069021 3 
1757117433878323 3 
3244007128124171 0 
1022236441293026 2 
698718490463736 2 
1959166900048555 0 1 
1490951888832070 1 
1776126707015673 0 
1610131226913912 1 
2774971777414565 3 
3168689030205628 0 1 
763135941352286 2 
2703972695528901 0 1 
2809661166005748 1 
3446829932293936 0 1 
1409990517756240 2 
344157345467616 0 1 
1266112077051815 0 
3190500561613493 0 1 
2454840116724793 1 
387561532797010 3 
3200176940289834 1 
634001009303614 2 
1523144226079952 3 
678744638954711 2 
2765468944134633 3 
188289695386905 1 
863381242826777 2 
2097906383219340 0 
2332694114309184 3 
2491358492015736 3 
1223748845131001 2 
812377131274750 0 1 
1446943477533037 2 
427832135709220 0 1 
2769246169371617 3 
964833443581553 2 
99189551433135 2 
1373392229099581 3 
575736900574573 2 
2559930560916 2 
283186507853944 2 
1505938287862803 1 
1134488238441254 2 
3768280029442398 0 
562689589649186 2 
372991576383835 3 
2772325489020018 0 
1358499666176270 2 
1037194929047392 0 
854213521308853 3 
562837670795071 2 
381409288050081 1 
710992949316483 2 
947779469297631 0 
1849635134059005 3 
2333044110017558 0 1 
214217928483202 0 3 
227985869659973 3 
944907607139675 3 
1644202368709465 1 
2221513331663568 3 
675230708554751 0 1 
205527830746503 3 
2026601945989485 1 
255330719530215 3 
453980749180558 2 
1051635682039611 0 1 
1028546583798456 2 
1718871797492898 3 
1164364003938426 1 
249621176078474 0 1 
1155682162852999 2 
2720358970291230 1 
503767433909272 1 
1275095388195543 3 
1051661495060269 1 
1223152065920308 3 
2521146823252842 0 
11174985677833 2 
98500697277911 2 
1659492794428345 3 
2311376401533492 0 1 
393297262308349 3 
215591313756972 2 
728939894256221 2 
567808269509398 2 
2957959299684405 0 1 
1353070046508640 3 
3003073945093260 3 
3191360609632883 0 
746444562874944 2 
3968969567739348 0 
603835063933859 3 
106476921192796 0 
2119747317076676 3 
1036485773592172 3 
1193146770937775 2 
416022445372435 2 
2315445404474826 3 
2416221354290054 0 1 
1267104037001589 3 
1569263748100317 3 
2380460772504523 0 1 
2457792883324135 3 
2979076539110389 1 
3670727278091285 0 
330416395814676 2 
2846473094074170 0 1 
696975994783141 1 
1067290083277825 2 
563376424851817 2 
2601211324354488 3 
308582200173875 2 
689366133614620 2 
2759686567579543 0 1 
1283014257098261 2 
28121013829024 2 
1012269866771747 2 
2315343176641940 3 
93609755091939 2 
1469321622504793 2 
1798246963683528 3 
972589316672304 2 
996145055614342 2 
2143921357016970 3 
2781683198726538 0 
703021053654735 2 
1322027263303757 3 
1183443983391658 2 
1840579297963387 1 
741943013441760 1 
2676141744087410 3 
1693470955756437 0 1 
3434297727477808 3 
3189036511640484 0 1 
980217729223760 3 
1064823963170220 2 
445197087144936 2 
773253409914430 0 1 
2326071527290973 3 
1495660191844742 2 
95111292113637 2 
2243690253573602 3 
307943570027961 1 
1632341310439421 1 
604755216077490 2 
1360408407210768 2 
2302812729935500 1 
2066549692953213 1 
844044076346988 3 
178448679889125 2 
929352852907862 2 
1199622098436170 0 1 
297862880134846 0 1 
343985607421344 2 
876385448939354 1 
89810345576706 1 
176253862375934 3 
3405288919459155 3 
991382482916104 1 
967591461401063 0 
3134820769636456 0 
1738336024031081 0 
657224062063413 2 
1294345474694504 2 
2557089466692385 3 
241690853569553 3 
93544217936011 3 
1257633860985313 2 
3418127640465522 1 
813134597948372 3 
778424733615086 2 
2540254298837308 3 
1920013945871112 1 
2919311116221844 0 1 
7399599241537 1 
3132733976765060 1 
580827757947454 0 1 
1082696350404218 2 
2148356940184299 3 
1011932794228238 0 1 
3866996151835810 0 
139774010271145 3 
3362646032814859 0 
120112717700275 1 
1825164651804627 3 
752685942422631 2 
2287231311282732 0 
3106880992476905 0 1 
2085305583074943 1 
519083549498932 2 
936705213686735 3 
148669003796896 2 
22577684258939 1 
115220427122212 2 
1806622891265989 3 
1438522487454820 0 1 
2377197205920594 3 
967010451254761 2 
2971443946413337 1 
3612579016872085 0 
321887915749434 2 
239934414831424 2 
3287872498935160 0 
59610631813498 3 
2405516236117892 0 1 
339337802487858 3 
2542218805761652 1 
571819027101280 0 
1135875162805984 1 
16777680344532 2 
1056062306650699 1 
3930944773769708 0 
1910664027709093 3 
2691061498426812 1 
3436742963259556 1 
333046883972366 2 
1205562763513531 3 
2564951868472548 3 
320306412495660 0 1 
1322887014329104 2 
2055777264221277 3 
1851029836157769 1 
2292862932822077 1 
136928058997974 0 
3061251173112459 0 1 
938688623235145 2 
1495960758274778 0 1 
2104837869770675 3 
2176953694984047 3 
3074502674955399 3 
2527701053605861 3 
2389286340897828 3 
2229121110503181 1 
808222012728619 3 
1621213947081620 3 
1962266925199096 1 
3418995763556466 1 
22797542693096 2 
2240070745702417 0 1 
1182613493408625 2 
2917957732248658 3 
813383154494301 2 
799185357967785 0 
169357022668743 1 
110031455783105 0 
216032019034356 2 
1152587795283692 2 
1057338177272349 0 1 
1372210782235341 2 
1396030251268102 3 
659187382335760 2 
1009270814138403 2 
949826641106229 1 
1201457317826688 2 
2216336626068798 0 1 
890476492856851 2 
846806332810230 1 
1624286765729863 0 1 
2189026790482322 0 1 
466255305238240 0 
2905009966128108 0 1 
680002029033426 2 
2557705240455670 1 
2355533490963915 1 
1610978183253624 3 
2520046145485578 3 
969738304199182 2 
2107503333981330 0 
557744906729303 3 
787106288238361 1 
1455020164466524 3 
628031888893793 2 
1482364290320611 3 
201747534842176 0 1 
2310363403446688 3 
585299326167338 2 
2197838740434035 3 
117674546273931 0 1 
2389676273329593 1 
144919027927787 2 
3891637984694969 0 
455864277955677 3 
945934220483896 1 
846312923306953 2 
2007385148214217 3 
162554293209854 1 
1064178361012472 3 
2436875860162366 0 1 
1478939290391452 2 
2606968735142548 3 
3290345409696603 3 
364688840896255 2 
687179904637782 2 
2793887138424232 1 
1382737453561830 2 
3775332802609127 0 
12376801185431 0 
2518245928485405 0 1 
3239697797327367 0 1 
3905676994009891 0 
3446273977050221 0 1 
1111012010377853 2 
1273445836742738 0 1 
874158552983247 2 
1039831868687249 0 
957990949755115 0 
3382212519686492 3 
291421106671575 2 
661365182101397 3 
1494908296207513 0 1 
3006122988100703 0 1 
608167504676812 0 1 
3714987414342204 0 
1020134710156472 3 
2840716157606060 3 
606409269631143 0 1 
877885121528915 0 1 
138568938194021 0 1 
2752104904595685 0 1 
2621268789326693 1 
426294186617535 2 
158836064899921 2 
1035744598850667 2 
2530170600009208 0 1 
2260618211137388 3 
1348087130273400 2 
121794310382608 1 
340144243610075 3 
575733918607014 2 
1042280420690572 3 
1284094701933704 3 
3058248841008577 0 1 
3423541611429799 3 
329017661425180 2 
3831175622895027 0 
1941894837592212 0 
752499664741812 2 
3577278538512714 0 
762971772899699 3 
3178694800856584 3 
1586368159466216 0 
524716534654227 3 
436550807821585 2 
697263784021644 2 
2356605216840756 1 
536124874102867 2 
873354185911942 0 1 
2906361559224845 1 
1738714664207620 0 1 
1333645335209425 2 
1660389854648487 3 
68962800569576 2 
269787353911575 2 
2639770055359447 0 1 
1323643325641303 1 
3393781899162860 0 1 
921516517097650 2 
83406144941651 2 
1099461279506500 2 
1116845545316385 3 
1380357126281335 2 
954869906285048 3 
339540856490404 3 
1326605238272141 2 
2666213557524411 3 
118789500130774 2 
3039929842664882 0 1 
444409869736396 2 
262580330427582 2 
1219975179288851 2 
567342891772455 1 
2126243235159357 0 
24779142410393 2 
1015321650558561 3 
1224353609049895 2 
1322165113950883 0 
872536841760558 2 
2412650000163523 3 
1623015897407970 0 
543465459068109 2 
2633467801562750 3 
3513996048678410 0 
2684202056460114 3 
1265841273211984 2 
851219885115619 2 
1308824941809882 3 
1452101617878944 0 1 
361952219443055 1 
2194963285542366 0 
350325538325685 2 
910505741377018 3 
1126395979891654 0 1 
2253502497006790 0 1 3 
1145701683199236 1 
1984088566895172 0 
573999180325134 3 
2730376776979883 3 
1778017900059776 3 
2215114025700190 3 
1489549559554382 2 
150648097538194 3 
532083575551458 3 
502927747240108 1 
13390338521613 0 1 
701212784693955 2 
66960298793582 2 
2506779762253779 0 1 
450898732075306 2 
76291095891607 2 
656135766959687 0 
1222839511609405 2 
18270278091879 3 
934829260786998 2 
1239089108991827 2 
1014975455306147 2 
2759174331050647 3 
1929718133346745 3 
442977095095621 0 1 
858230803200625 2 
711705910794140 3 
687230778440894 0 1 
64402063712629 3 
1405106037836488 2 
829391675018600 0 1 
2809015266386213 3 
2223783928033025 0 
2060017066218637 0 1 
1409144866600072 1 
3372366156882389 3 
2030612518985506 0 
1563719909776209 0 1 
566908321084804 2 
973961425997476 2 
1235404520861057 2 
1496191030230056 3 
1443095975408754 2 
1497352341365927 3 
542430716705535 0 1 
653918853311750 2 
3041026149055165 3 
1279900104606298 0 
324027549634361 2 
2876418540820590 0 1 3 
956091229875873 2 
2168429330364031 0 1 
1082123209191549 0 1 
1242860796209501 2 
1348803199674671 2 
1336998791777164 0 
2085726346289164 0 1 
1149127933101799 0 
1427621345623372 0 1 
379086198196250 2 
3454585408831105 1 
976339017553799 2 
379264195010567 3 
204920300779950 2 
1985370471101008 3 
2926566590115413 3 
940412199069483 3 
155456109181473 1 
268279055187310 2 
758614652550250 2 
4030349847358558 0 
811260310353022 0 1 
1053569799547788 1 
2851883459859578 0 
156413390126009 0 1 
3885046476644906 0 
2666837503739936 1 
1021849711770675 2 
627068424382856 2 
539737750544848 3 
112470917101446 3 
2180788183259926 3 
1136525714978941 3 
1349014716600796 1 
598032925979485 2 
1266884951751861 3 
345577198127496 2 
2760338706852847 3 
1757001833661005 0 1 
445857213040243 0 1 
3008639884360850 3 
503199827480680 2 
791962480481433 1 
425564468698425 3 
82157687204255 2 
108460652129681 3 
1777897228377268 1 
456760047455102 1 
283758343439810 3 
1127802495988748 2 
1025986859294275 2 
2093925843913960 0 
1406949990189868 2 
3759883264489768 0 
1058147170940372 2 
2373908700160864 3 
460430533033355 2 
1070452922958370 0 1 
70370685089004 2 
649228811504595 2 
2037273580683905 1 
3496463840174832 0 
69655325838172 2 
2334849950839100 1 
731232805767294 3 
1990084758238209 3 
3194855126720551 3 
883288556395859 2 
541924098491248 0 1 
772609400947285 2 
2741975070905315 0 1 3 
3697686826232965 0 
664173750987522 2 
971699907218668 2 
1954704257803765 1 
268784062725934 0 1 
636229392483398 0 1 
3482763949652700 0 
265591995254237 1 
663780314462404 2 
1911717700483193 3 
132373890175251 0 
170302321666130 0 1 
278595683150740 1 
337599143117985 2 
878745841103549 2 
2244828801149424 3 
924708281575847 2 
1090414912152299 0 1 
1122629586428853 0 1 3 
2206168258121222 0 1 
989583965785915 2 
1439063533437791 2 
1630723494217903 0 1 
3991177627739064 0 
823092933925647 2 
3074434522313554 0 1 3 
919605353488253 2 
2821313955678130 1 
561257806989940 2 
1276601648007639 2 
482958974928589 2 
483371237281436 0 1 
1352259304747964 2 
3980554035945343 0 
3465890781980027 0 1 
330375652846425 0 1 
3079088176141651 0 1 
1084020110809496 0 1 
412507823714040 2 
694203824363231 2 
41161493131205 2 
616809593371910 3 
557368677707791 0 
1810304008776257 3 
2453216167749353 0 1 
1305802271018161 1 
1468772138954388 3 
2450863934967556 1 
702271660561119 2 
3878752372524626 0 
362848952023177 2 
232208019991570 3 
25060263122665 3 
2318627433769964 0 1 
1058571514619118 2 
222654186903761 2 
2105194920089798 3 
1802701844649558 3 
70836232342947 1 
67704593177438 2 
3284299958507551 1 
3800038760258965 0 
196261900004512 2 
28407135578442 0 1 
335744639417610 2 
942837352835434 3 
121018483460773 2 
999206709382095 2 
934140453199228 2 
157199914621645 3 
1012028462180738 1 
3149749290909154 3 
3473260812910284 0 
2670930482412326 1 
1714960124331551 0 
177791385466142 0 1 
2066889516944930 0 1 
2073566058769214 3 
51097791761137 2 
152274274234608 1 
771461005761310 3 
1980032794995123 1 
361087869010414 1 
3877313867259625 0 
3118270416764888 0 
1447472544405470 2 
2093596315534825 3 
354217755335929 0 
2620401794347628 0 1 
3133777170607329 0 1 
251726096310155 2 
169108160004839 2 
199946807354597 0 
3913949225373137 0 
51730069553548 2 
1453944604789537 1 
600252020754168 3 
3453173960997981 1 
763488296647998 2 
1250601032865447 0 1 
3860903526645162 0 
3400436904815694 3 
2410291424818701 0 1 
3126233582091140 0 1 
2419627762186868 0 1 
830447470339969 2 
2004261642529094 3 
388804998975201 2 
132446172561941 3 
909475900466085 0 1 
3662368456501058 0 
1188344424198743 2 
2275589401877728 1 
3365479234743364 1 
88212486604331 2 
956320320312534 2 
506041894250535 0 1 
1452860702345877 3 
286137321806889 3 
2133722058417267 1 
695932456761926 0 
321271172703276 3 
1117921496683035 0 1 
1533927350648774 0 1 
1043028835396636 2 
2972192918432215 3 
1342880524332283 3 
2813103367700753 1 
81763744437116 0 1 
2754549247396559 3 
60702388051406 2 
1681915872621199 3 
1456808397604897 0 1 
1605009586546561 0 
118705011919781 2 
1728864771335248 0 1 
993436005166503 2 
1036234156187996 0 1 
2117064052215007 3 
1309019250914594 1 
580304079284623 2 
922138726403387 3 
1018705768442158 2 
1146507825289005 3 
875106441948038 3 
970386406450993 2 
2736757214493426 0 
2723276952221927 0 
1631998127771812 0 
3980135820750709 0 
3572920479557189 0 
1316463853439021 2 
799552476728606 2 
654072680337402 0 1 
1395776431193138 2 
1106637463675312 2 
112474088811941 3 
216844422059020 1 
2681826705497373 3 
822638580828301 2 
974876156661196 2 
2998386748210467 1 
276783870262130 2 
766769994185238 3 
2576621621050639 3 
3386289503755613 3 
277596912095363 3 
1642859505421778 3 
1914458386937949 0 1 
581399617318566 2 
3652838076019671 0 
12235211242333 2 
2504883734371783 0 
3400013903365367 0 1 
2670257980440729 1 
828858795646526 0 
3762933501983224 0 
91455088873294 3 
2968740829610206 3 
473027201481215 2 
2418121154395460 0 1 
1010786304138560 0 1 
1333266546360485 3 
2698346548671969 0 
693803847171442 0 
192654876926304 2 
239237004677681 2 
3319096024699480 3 
914807779247874 2 
2421252903272971 0 1 
1215681356226516 2 
2974755449145295 3 
88002871928587 2 
1215251377000366 2 
231526351167064 2 
302709385385657 2 
837006884549555 2 
1335197316667426 3 
918685325721309 0 
889929046649769 1 
1088171439239629 0 1 
621274956383645 2 
1477545354668276 0 1 
3003980258894096 3 
1870048681344383 1 
889757228766082 3 
990883222595002 3 
4094829030469944 0 
1384454442152630 2 
1405929573679217 0 
1635940069026007 1 
1449959679966331 2 
1681837302424549 3 
1547300546427018 0 1 
1393561065846427 1 
577701143673233 3 
1299192473086434 3 
493515615328092 2 
1954888043734989 1 
1010407778911299 0 
622050716501465 2 
3421597291879627 0 1 
137949435009414 2 
2842982082591720 3 
773048303605962 2 
528462162142992 2 
1470432463068134 3 
893604399077651 3 
4105133463891354 0 
762957405181335 3 
1141326921875558 2 
572131968942922 1 
1555360595391532 0 1 
1314916007963293 2 
1891911243860796 0 
164325590582743 2 
1838775597448029 3 
2191846172066766 3 
767467656446581 1 
1380756934618265 2 
1783193435620763 3 
3935634267577030 0 
3301634395820567 0 1 
3700685267504485 0 
2090394081204511 1 
3305229614360708 0 1 
1048943095249550 3 
3105067487824787 0 1 
366729926447452 1 
1455195773452836 2 
1233959750194878 3 
1573916600210461 0 
2709373901641654 0 1 
1246073923379460 3 
1842927253035445 3 
428620844901698 0 1 
1985740812339375 3 
18251949879266 3 
2219698232061641 3 
706739233083091 2 
1214667760547821 2 
1904802467536265 0 1 
567330786879042 3 
1499134589243002 2 
1421651260406193 3 
1002685076439098 2 
1272364097525076 3 
1227614687424913 1 
397072611476292 2 
808764439758866 3 
264712861736894 2 
1612473340965531 0 1 
2365095172322394 3 
531703157501481 0 1 
1192267773215181 0 1 
1467509627503805 1 
417328225462820 2 
125450614648548 2 
1561731375682004 3 
868047102858577 3 
1559490829867713 0 1 
152450814263998 3 
730764523981730 2 
205268547267244 0 1 
408341388275276 3 
319594649613994 2 
780710454553350 3 
2260397497895914 0 1 
2214350252289787 0 1 
254821684073443 2 
340233065874096 2 
777492912249240 2 
1122385380673132 1 
2246315685453199 0 1 
1557915522401403 1 
275131419383046 0 1 
1223614203753588 2 
2451415481447138 3 
1365919298194691 2 
2349781354435752 3 
3571172104452051 0 
1723119042920381 1 
1262452036943411 3 
2866636780859316 0 1 
2664437373653910 1 
484818973799502 1 
198548590359154 2 
1396014621512430 2 
1455744069758400 0 1 
3078369996085215 0 1 
1810304500285310 0 1 
1784178686153500 3 
1186897163695098 0 
662967245354288 2 
381905914035685 2 
2297234292032761 3 
169742659208546 2 
1228886894579335 2 
1034765546182355 2 
662337898356077 2 
227703658747885 3 
1911593669809449 0 1 
70701547294785 2 
3077566980886504 3 
660781563169811 0 1 
2610017873623700 3 
819731341968561 0 1 
1907467170833183 0 1 
651297113161818 3 
1745573511125427 0 
2686510189921751 0 1 
665539719241437 2 
919533482461786 0 1 
3502678425305256 0 
3410621510502022 1 
1759430771046552 0 
838368798782910 1 
641627682057030 2 
53708224309265 2 
568970000874036 2 
2061516909541873 3 
785930291000813 2 
1435627061232726 0 1 
1368444315582149 2 
613919980068770 2 
3319275943276026 3 
717342489233059 2 
2907999392699120 3 
1562593422908940 0 
1266950790752446 2 
3482559672219440 0 
2736190153809127 3 
1197112932786379 2 
969919253549498 3 
3284333210402086 3 
2923959573561629 0 1 
888267522517848 2 
301997327938028 2 
289969019954023 0 
1002456964321126 2 
271554436004803 1 
1948368815287996 3 
1870706904797815 0 
514367289366829 2 
206324471282971 0 1 
892334007454976 2 
857178338862343 3 
2420798646608914 3 
682132242779876 0 1 
155265741915715 2 
84195026878096 3 
398246490166723 3 
2489732682071273 3 
989369847478580 2 
294824178249458 3 
493442098778245 2 
1828900588549970 1 
3201138777149267 3 
1169377014250282 2 
860872075413391 3 
787086583459098 2 
520045462029450 3 
3368080412572507 0 1 
818094357001467 2 
111898052198941 0 
765809014215998 2 
4104472537840509 0 
2206058797586993 3 
1134582511135482 2 
2681716457927313 0 1 
817155625683592 1 
1379022411913742 2 
1052052493930365 1 
1587144966934695 1 
2200752019239376 0 1 
1642150987742169 1 
421517771724466 0 1 
1512248553811631 0 
3236226261460616 0 1 
4030642393975247 0 
3270348994002445 3 
3172377057745796 1 
3592879997638908 0 
1169672678924993 3 
604498512413633 2 
901139314430178 2 
1326655210363491 2 
1859432419660980 3 
63401292377593 3 
1085770212068591 3 
914985393111335 0 1 
3225535527074811 0 
2909798743509507 0 1 
3628831230231305 0 
1477244946036474 2 
1125020239245017 1 
258436623903940 3 
718079081576393 0 1 
207518775119645 2 
2751199336985177 3 
1554632451615678 3 
3261956305891856 3 
861741130495629 3 
66531534321426 2 
425839872192757 2 
1122425276145471 2 
1036541287665160 3 
139266479308291 2 
53383381225758 3 
1470363215205886 2 
1383926426115082 0 1 
1024119443388630 0 1 
2663446672955991 3 
2440518174915766 1 
2297812563637643 3 
1432765446693602 3 
2641185844283512 1 
665970849214387 2 
14996960049085 2 
488389364674409 2 
2949125821574249 0 1 
549062540560605 2 
1144356906570000 2 
2869196347840951 3 
4026879203728960 0 
3828515658007670 0 
40031332115277 2 
2940685352704063 0 1 
2132799123521694 3 
76835537064845 2 
645868723141832 2 
1682317143686275 1 
2025702604226724 0 1 
2339527638664815 0 
2443707883306702 3 
1377841262238494 2 
2717335448390204 3 
2501009290531015 1 
376673852777182 2 
511801985327398 2 
2064213129431827 0 1 
799041305578239 3 
1100297269870078 2 
2772979448444068 3 
2662793861270337 3 
1979601782375839 0 1 
2398492095025949 0 1 
1960709046342158 0 
885238067114815 0 
1008792962485007 2 
37857176232069 1 
1138994313260098 0 1 
1465677120090938 3 
1252349376024634 1 
384086211063575 2 
2906056062404679 3 
3269450175059724 0 1 
3013482718858133 3 
3768158384259165 0 
281364235226657 1 
3124907450606814 3 
1663478126929313 0 
157479257998923 2 
1059112805884031 2 
1474224886267783 0 1 
1057603827915028 0 1 
587323113908979 2 
2048924452678226 3 
462162622817221 0 1 
800428049775121 2 
3777368109755468 0 
3233798707855227 0 1 
2967169265317049 0 
548800817076327 0 
2397417093061568 1 
1239532317497946 3 
3256148694085952 3 
1648708779328578 0 1 
1606846337024840 0 1 
2762461097333304 0 1 
849748479473772 2 
1421758142925954 2 
1467532398799185 2 
250894788902941 3 
3144924081929258 1 
937556010039369 2 
975774457491882 1 
140933359217154 3 
3988301408401331 0 
2757896817816633 1 
1257477706308043 2 
2250204220691814 3 
1701457431840651 1 
1290263755182220 2 
317189051218446 3 
603880579174571 3 
28012176223879 0 
2977922436984840 3 
849266564849679 2 
520853222047461 3 
1719771987889231 1 
182844220737900 2 
339030666350690 2 
3606677915021936 0 
1059952354449488 2 
1383340895661888 3 
2731062391843749 0 1 
3427430874445003 0 1 
771379903530128 0 
2332367956653817 1 
620596926054508 3 
957457890179330 3 
2405053122928604 0 1 
2520258541258873 3 
729982755330437 2 
172304036154411 0 
2163362310774202 3 
2478983424361791 3 
130969770357242 0 1 
3419970611833160 3 
176590212086330 2 
1353997193957 2 
959982386663156 2 
2420197933993711 1 
992129152229719 0 
1500312528576574 0 1 
1580547678129347 3 
2036595144316070 3 
931847755152712 3 
147192505077861 0 1 
3126751220948845 0 1 
142064049756680 0 1 
3593645538123951 0 
4023526035300112 0 
556871889160092 1 
2670695335894239 3 
3101984009848894 3 
795226665700103 0 1 
2174863600840617 3 
1197950642408046 2 
3319899171874567 0 
1527390207192096 3 
3394272679544127 3 
2439509673363429 3 
2583252761379841 0 1 
109124350167840 2 
1071445198403069 2 
2233044491392443 1 
1196469743469267 2 
74268786404098 3 
1598165849981957 0 1 
537276613080731 0 1 
2762443367615231 3 
3093413301910655 3 
3231136323733396 3 
3326229174723158 3 
1834881489262776 3 
1678462233090451 0 
2089148923473104 0 1 
2545241790283692 1 
330560106384524 2 
1056747893817939 2 
914225281262944 2 
3249464243490638 0 1 
2725285230386610 3 
1738976132848686 0 1 
2353860001182860 0 
1812704380150452 3 
628014646894451 3 
1213586213258507 2 
2207439502256447 0 1 3 
2800985706490705 1 
3394769430967597 0 1 
300260368284261 1 
2135830702920108 1 
1157629965866140 0 1 
736156336280620 2 
3133444506505759 1 
3367075031185887 0 1 
1297744474248392 2 
1258304737312475 3 
561711810137493 2 
1661676185497951 0 1 
2691851777176288 3 
2728398109829701 0 
1630408778432108 3 
3393707580075078 3 
990847945103760 3 
179887829414603 0 
998612018414875 2 
1434172352982823 3 
2925140902644024 3 
59055930331606 1 
1082022555131649 2 
3200909990491272 0 
793646731973628 2 
734433719961326 1 
2456242072035311 0 1 
2979489014475251 1 
2059091041590089 3 
330223329533238 2 
644632979611140 2 
2616038634356352 0 1 3 
2335105500411585 3 
1505070486443848 0 1 
4079998164511865 0 
604936269221951 0 1 
73446111119950 2 
2319922992080336 0 1 
495284537051666 2 
1347312718665613 3 
609526998846980 3 
416408802477676 2 
3372783411840752 0 1 
2391716369632405 1 
3188742239785252 0 
1127282156751766 1 
347117017335520 2 
2521388289298850 3 
68848653304948 2 
664947437090132 2 
1344771935637685 0 1 
512214962940883 2 
797222740156854 3 
1762970407344776 3 
1701748079910540 3 
2313688351575925 3 
1676046470601083 0 1 
749036161673157 2 
1606699499287038 3 
529651378475911 2 
251909753596368 1 
186051468406724 1 
3625024168071963 0 
1767239880470721 0 
1032474356399850 0 
1366036884477528 2 
1154815184248397 3 
321742617215265 2 
2051808396478051 3 
2857967772770505 3 
3040679460873679 0 1 
791097554939082 2 
1444035290270684 2 
1074567181202388 1 
434771309532873 2 
206857679005072 2 
3234500753954146 3 
1305755066466893 2 
1220171197206872 2 
1608948730093612 3 
686589035899825 0 1 
1316181078949134 0 1 
2186825919400446 0 
2019453053003229 3 
898094910022628 0 1 
72432012653437 2 
735664071060743 2 
3127728640167363 0 
2096268655270615 1 
3493574494971685 0 
505031170065983 2 
3340072782712171 3 
111913076066680 2 
104118734974151 2 
2898628405667259 3 
1099177982623865 3 
1998256671680274 0 
274485162723184 0 
897229852173224 2 
3086833644384278 3 
2133886311625168 3 
178496877884063 0 1 
784023883624254 2 
15155464717651 0 1 
522470844984879 3 
2304473205359685 3 
2787082153830620 3 
2088342250051095 1 
3295198861697476 3 
1649069121764905 3 
2749209338647025 3 
706716202580644 2 
1769354686394206 0 1 
483506970290201 0 1 
3255034450125810 3 
1194789651428506 3 
1113547988732333 2 
637938199601603 3 
1694404191504730 0 1 
2323324041495387 0 1 
3539739482049139 0 
82902715043410 2 
373780624810522 2 
398332922578637 2 
3127379265682885 0 
1951543779280005 0 1 
2148841983996635 3 
1209425372519948 0 1 
709948543500591 2 
2553832435413664 1 
1436364007106258 0 
3078204345146418 1 
351237497470023 2 
3297870333306957 0 1 
2276044595484921 3 
975773972821946 3 
284779496637827 2 
2082882389819178 0 1 
3036475261778140 1 
788641609054888 3 
1288824384599576 0 1 
739523720926299 2 
90170123603219 2 
7031416862501 2 
1300266453148522 3 
406880416271653 2 
516022669827725 0 
2899569686438583 3 
17364387929036 2 
1362379280084899 3 
3921248688167686 0 
2263307391312151 0 1 
3008126054636482 0 1 
108609372114248 2 
1898976483703743 3 
197399467253239 0 
2338762057909183 0 1 
535316028464986 1 
891771096629689 0 
427581435711054 2 
1018825503613710 2 
1246183540601587 0 1 
194227610000407 2 
79063839150002 1 
3368848001187775 3 
155354496492267 3 
1165849481784952 2 
3467375911136403 1 
2255378295043573 0 1 
881541774972091 2 
1024555482119602 2 
378861201506326 0 
2004377637915427 1 
6669250023278 0 1 
1255389307350661 1 
1751928308105416 1 
89076407669992 2 
1058885943780847 2 
1034514161154586 0 1 
1068875115846268 0 
1422834917626729 0 1 
219592355051445 2 
1848975266303163 3 
2418687505344406 3 
3937670195233488 0 
773143773912035 2 
3302258152532441 3 
2577563131330649 1 
1693826625984061 0 
503950855242155 1 
476214290586639 3 
1126360039195831 1 
3149478793176244 0 1 
1465568334388979 2 
1042278577780094 0 1 
584255341940023 2 
3662961992381745 0 
387068341099654 3 
854339535839247 1 
399967241077101 0 1 
1629597216016798 0 
313512496148992 2 
852087562719214 2 
307936913823901 2 
413532246448283 2 
2392086995192669 3 
410254335284762 3 
296646668591743 1 
786003493573109 1 
772729829112827 0 1 
997642856028428 2 
1481585933763891 2 
1690001659018276 0 1 
2860772831754318 0 
361107855313042 0 1 
982940618881627 0 1 
1443556720293075 2 
805385072183959 2 
413438657687726 2 
655615609837196 3 
2272639444778453 3 
2533788364035209 3 
3366893710583720 1 
1411384200320365 2 
1241643940530204 3 
256843162406927 3 
1561436437639881 3 
3169233638915576 3 
1287740342170964 2 
471609291999908 1 
3070617885407362 0 1 
682624058604210 2 
616725946098856 0 
1187113085112125 2 
689171125489033 2 
1102746749708680 3 
3339570826267227 0 1 
390394042795377 2 
1258595129475232 2 
11567902333368 0 1 
1830318456306856 0 1 
836299042785457 2 
3722192886333868 0 
1215557045609922 3 
3680983233850595 0 
2295643378802426 1 
29230197872705 2 
3007521176191653 1 
2014847499983154 0 
779898292275107 3 
1529019415538264 3 
2237691139220632 3 
752537154513700 2 
1411381318433984 2 
1007123818960104 2 
3181266692918198 0 1 
1081209022959287 1 
1692533158288560 3 
3265797106149379 1 
1996323100663537 3 
1341331841711320 2 
1155946379729049 3 
960663640181228 0 
1153142729634132 0 
1619413803414869 3 
144864765404375 2 
2938836690902355 3 
3218433039737517 0 1 
2528027879499997 0 1 
1113544704259934 2 
1048393679090054 3 
890683008460864 3 
2178029240847161 0 
2303730830318294 0 1 
2861140118923336 0 1 
1230507900472003 3 
3813765920437017 0 
2472561684818234 0 1 
411291645533783 1 
930821169029655 3 
990575595794194 2 
1162586336376267 2 
164958570694250 2 
757610605172206 0 
2068553437344196 0 1 
2579333456527745 3 
2822917739056846 0 1 
3660523837005284 0 
1318579914756839 2 
1627533680152929 3 
598061817592437 3 
341955198574083 0 1 
581792700136729 0 1 
1224237736515889 0 1 
931943148814919 1 
2359242934619472 0 1 
446035043297114 0 
596585963457243 2 
1441030042462943 2 
563684462374362 2 
2267649694859939 3 
897738771025321 0 1 
1148441943896023 2 
1467389143688912 3 
821852054194208 2 
189183548292006 2 
1504779499536878 2 
2388560292936603 1 
1464208908598387 3 
3097957405629796 0 1 
694638176362063 2 
3596667354326563 0 
2411914206766458 0 
2630032243610048 0 1 
408188630703199 2 
2170664068626138 3 
244097260552906 1 
543908030661277 2 
1025591617546153 2 
241848055062582 3 
2536644572777542 0 
216887906256751 2 
1000570900099793 3 
918269619827781 0 1 
3131977932285321 3 
3077712604256834 0 1 
3230415731908832 0 
3122096381646372 3 
2920393489389027 1 
416366624145596 2 
108330339478700 2 
805726115998615 3 
633784415888835 2 
498118307841907 0 1 
823678883173227 2 
994968880357771 3 
1540957499746625 3 
1091020431902241 2 
1293050105983488 2 
1252228550303607 1 
3771986781730123 0 
1440052411689179 0 1 
3146637030924521 3 
2030096743372066 3 
810230761342589 3 
986046352029289 2 
1255981136076083 2 
378724847485486 2 
3069208976526760 3 
612550197874863 2 
561618716025152 3 
375310068300929 2 
1485533128426919 3 
1080194521910535 2 
1274204247637316 2 
1452760714885782 0 1 3 
636118974818163 2 
1268340692897530 3 
358382626604231 2 
1978575419168129 0 1 
3823513222270207 0 
757585052071626 1 
2407066357878993 3 
2752883832784279 3 
3048697403046953 3 
700876468140279 1 
360283092471174 0 1 
1279969424328774 3 
854814560684770 3 
4077861784246331 0 
219920239333981 3 
1106752473927983 1 
801398818271744 3 
1440404583219574 2 
697280645471083 0 1 
822373434884997 2 
720212991932924 2 
3090806668258057 0 1 
820078115535470 3 
845350554644222 0 1 
190745013282852 1 
1433293227091286 1 
3226081655584146 3 
332695895343593 0 1 
2916660718471411 3 
327435720880707 2 
826677982701892 3 
3172573355314194 0 
2910169421387208 3 
886581287959942 0 
127062601473895 2 
1008429552022564 2 
1693133032617793 0 1 
712431016871247 0 1 
1679031808081215 3 
692718402543035 1 
1812009911897785 3 
514859452533915 2 
1380578419963243 2 
1098154661248478 0 
1145291044646511 1 
264940201576124 3 
1260314791254999 1 
2029262070887430 0 1 
1402203268868969 0 
1618079141593372 0 1 
2912197368498847 0 1 
81067650560529 3 
537534644114091 2 
884101582990544 3 
900328359710605 3 
394550652312974 1 
283349764075062 0 1 
1394151999510290 0 
1127332733083208 1 
729866625225992 3 
1420775901350122 3 
2205527475971074 0 
594128263706837 2 
3373832358457542 3 
1087942821795905 2 
1769402327755358 3 
2207769467200762 3 
876397611929992 2 
673751270618471 0 
873824161942107 2 
534869337613361 2 
908258187815433 0 
908640660130365 2 
3398193786904129 3 
1180518512930757 1 
106357861336905 2 
598015679959268 3 
3205081025347226 3 
4139283199380813 0 
1187829859840822 3 
1190408439919178 3 
2158351740078752 0 
1007763751558501 2 
1936131723550546 1 
733477248918190 1 
3326921352708045 3 
1255692950793249 2 
435863670284575 0 3 
829414756890118 3 
860415351251051 2 
1677690304167363 1 
3763901365430447 0 
1233616377049044 3 
1087073787042157 0 1 
2528757010627283 3 
2144940852365407 3 
1422466159362535 3 
932346939748549 2 
2585193381400739 0 
971236571158250 2 
1006453947582190 2 
518530946876558 2 
1277707386182216 3 
931028376557604 2 
1073666051747703 2 
2553989336849953 0 1 
75158814917991 2 
1918160838141706 3 
3758597325431398 0 
3478136017277680 0 
1508248848652929 2 
2774299150219973 1 
1886941446823243 3 
2342081337697902 3 
1745601979836076 0 1 
1039546219327449 3 
1194404906809419 2 
690108718014143 3 
1980146483381019 3 
1486761690239849 0 1 
178727461144113 2 
332198415597673 0 1 
1024909997696361 3 
3802840672788008 0 
3752236184702255 0 
1001757167536138 0 1 
1609256001791052 1 
2235485071994641 3 
449868118653717 2 
3043081182265439 1 
2882592316901717 0 
1551903330328116 3 
1448350851786029 3 
2496187518255282 3 
3324321392228392 0 
922662642766853 2 
629010586136990 2 
2651269110497853 0 1 
1269129015320244 0 1 
4097657642557695 0 
283975293580989 2 
1679220609956923 3 
1837646386996239 0 
3984758805492651 0 
1694026466407933 0 1 
2528809550486111 0 
172787736314170 0 1 
517936470305839 1 
1366911913030196 1 
604784735360171 3 
860804897829085 3 
1052850962028919 2 
1348011640060592 0 
387761004832737 2 
3217901849741544 3 
3585865431355670 0 
572646958472104 3 
3643385511163666 0 
3713831869714201 0 
2911740262550495 3 
664677610068361 0 1 
1228490080768364 2 
282094242938776 0 1 
2501853258651239 3 
1478728993531815 2 
3193700325419915 0 
892225934604902 2 
391305384236587 3 
2793377567087002 1 
1782358203006309 3 
528487417227189 3 
473516240273585 2 
663986595568149 3 
3014936464096495 3 
1223737536918420 0 1 
3000631057132396 3 
2015253413270431 0 
2187211634691410 0 1 
2414933877556698 0 1 
383405491519906 2 
2465000297146127 3 
2676537883223771 0 1 
3010415510333188 0 
